0.008 34.7138 11.2963
0.0072387 36.4937 11.6049
0.00654985 38.3648 11.9204
0.00592655 40.3319 12.2433
0.00536256 42.3998 12.5726
0.00485225 44.5738 12.9095
0.00439049 46.8592 13.2535
0.00397268 49.2618 13.6053
0.00359463 51.7875 13.9644
0.00325256 54.4428 14.3317
0.00294304 57.2341 14.7064
0.00266297 60.1687 15.0884
0.00240955 63.2536 15.4793
0.00218025 66.4967 15.8792
0.00197278 69.9061 16.286
0.00178504 73.4903 16.7016
0.00161517 77.2583 17.1259
0.00146147 81.2194 17.5595
0.00132239 85.3837 18.0024
0.00119655 89.7614 18.4517
0.00108268 94.3636 18.9131
0.000979651 99.2018 19.3828
0.000886425 104.288 19.8619
0.000802071 109.635 20.3509
0.000725744 115.256 20.8491
0.00065668 121.165 21.3577
0.000594189 127.378 21.877
0.000537644 133.909 22.4043
0.000486481 140.774 22.9458
0.000440186 147.992 23.4942
0.000398297 155.58 24.056
0.000360394 163.556 24.6258
0.000326098 171.942 25.2087
0.000295065 180.758 25.803
0.000266986 190.025 26.4074
0.000241579 199.768 27.0231
0.00021859 210.011 27.6535
0.000197788 220.778 28.2925
0.000178966 232.098 28.9445
0.000161935 243.997 29.6092
0.000146525 256.508 30.2854
0.000132581 269.659 30.9751
0.000119965 283.485 31.6762
0.000108548 298.019 32.3919
9.82187e-05 313.299 33.119
8.8872e-05 329.362 33.8616
8.04147e-05 346.249 34.6136
7.27622e-05 364.002 35.3847
6.5838e-05 382.664 36.164
5.95727e-05 402.284 36.9624
5.39036e-05 422.91 37.7707
4.8774e-05 444.593 38.5962
4.41325e-05 467.387 39.435
3.99328e-05 491.351 40.2869
3.61326e-05 516.543 41.1575
3.26942e-05 543.027 42.0408
2.95829e-05 570.868 42.9381
2.67677e-05 600.137 43.8544
2.42204e-05 630.907 44.7831
2.19156e-05 663.254 45.7286
1.983e-05 697.26 46.6907
1.79429e-05 733.009 47.6704
1.62354e-05 770.591 48.6641
1.46904e-05 810.101 49.6749
1.32925e-05 851.635 50.7019
1.20275e-05 895.3 51.7468
1.08829e-05 941.203 52.8128
9.8473e-06 989.459 53.887
8.9102e-06 1040.19 54.9856
8.06228e-06 1093.52 56.1006
7.29506e-06 1149.59 57.2337
6.60084e-06 1208.53 58.3869
5.97269e-06 1270.49 59.5518
5.40431e-06 1335.63 60.7422
4.89002e-06 1404.11 61.9503
4.42467e-06 1476.1 63.1727
4.00361e-06 1551.78 64.4211
3.62262e-06 1631.34 65.6831
3.27788e-06 1714.98 66.9671
2.96595e-06 1802.91 68.2697
2.6837e-06 1895.35 69.5958
2.42831e-06 1992.53 70.9369
2.19723e-06 2094.68 72.3025
1.98813e-06 2202.08 73.6872
1.79894e-06 2314.98 75.0936
1.62775e-06 2433.68 76.5171
1.47285e-06 2558.45 77.9643
1.33269e-06 2689.63 79.436
1.20586e-06 2827.53 80.9269
1.09111e-06 2972.5 82.4353
9.87278e-07 3124.9 83.9716
8.93326e-07 3285.12 85.5271
8.08315e-07 3453.55 87.1038
7.31394e-07 3630.62 88.7076
6.61793e-07 3816.76 90.3332
5.98815e-07 4012.45 91.9763
5.4183e-07 4218.18 93.646
4.90268e-07 4434.45 95.3408
4.43613e-07 4661.81 97.054
4.01397e-07 4900.82 98.7964
