0.0554328 7.25995
0.0501576 7.49447
0.0410656 7.98413
0.0336217 8.50241
0.0275271 9.05065
0.0225373 9.62986
0.018452 10.0958
0.0151072 10.7309
0.0123687 11.4005
0.0101267 12.1061
0.008291 12.8492
0.0067881 13.6297
0.00555763 14.451
0.0045502 15.3158
0.00372539 16.6135
0.00305009 17.5871
0.0024972 18.6091
0.00204454 19.4293
0.00167392 20.5393
0.00137049 21.7
0.00112207 22.9145
0.000918669 24.1869
0.000752143 25.5146
0.000615802 26.9017
0.000504176 28.3516
0.000412785 29.8954
0.00033796 31.4821
0.000276698 33.1311
0.000226541 34.8466
0.000185476 36.6325
0.000151855 38.492
0.000124328 40.4211
0.000101791 42.4261
8.33398e-05 44.5064
6.82329e-05 46.6618
5.58643e-05 48.8874
4.57379e-05 51.2972
3.7447e-05 53.6809
3.0659e-05 56.1402
2.51015e-05 58.6717
2.27127e-05 59.9724
