0.008 34.7138 14.7036
0.0072387 36.4937 15.1949
0.00654985 38.3648 15.7037
0.00592655 40.3319 16.2281
0.00536256 42.3998 16.7682
0.00485225 44.5738 17.3273
0.00439049 46.8592 17.9026
0.00397268 49.2618 18.4956
0.00359463 51.7875 19.1085
0.00325256 54.4428 19.7388
0.00294304 57.2341 20.3899
0.00266297 60.1687 21.0599
0.00240955 63.2536 21.7528
0.00218025 66.4967 22.464
0.00197278 69.9061 23.1979
0.00178504 73.4903 23.956
0.00161517 77.2583 24.7337
0.00146147 81.2194 25.5368
0.00132239 85.3837 26.3629
0.00119655 89.7614 27.215
0.00108268 94.3636 28.0912
0.000979651 99.2018 28.9949
0.000886425 104.288 29.9219
0.000802071 109.635 30.8777
0.000725744 115.256 31.863
0.00065668 121.165 32.8733
0.000594189 127.378 33.9159
0.000537644 133.909 34.9853
0.000486481 140.774 36.0875
0.000440186 147.992 37.2185
0.000398297 155.58 38.3814
0.000360394 163.556 39.5781
0.000326098 171.942 40.8077
0.000295065 180.758 42.0702
0.000266986 190.025 43.3666
0.000241579 199.768 44.6965
0.00021859 210.011 46.066
0.000197788 220.778 47.4686
0.000178966 232.098 48.9113
0.000161935 243.997 50.3905
0.000146525 256.508 51.9053
0.000132581 269.659 53.4617
0.000119965 283.485 55.0594
0.000108548 298.019 56.696
9.82187e-05 313.299 58.3705
8.8872e-05 329.362 60.0936
8.04147e-05 346.249 61.854
7.27622e-05 364.002 63.6598
6.5838e-05 382.664 65.5069
5.95727e-05 402.284 67.3993
5.39036e-05 422.91 69.3401
4.8774e-05 444.593 71.3207
4.41325e-05 467.387 73.3514
3.99328e-05 491.351 75.4286
3.61326e-05 516.543 77.5539
3.26942e-05 543.027 79.7262
2.95829e-05 570.868 81.9455
2.67677e-05 600.137 84.216
2.42204e-05 630.907 86.5352
2.19156e-05 663.254 88.9084
1.983e-05 697.26 91.3272
1.79429e-05 733.009 93.7957
1.62354e-05 770.591 96.3228
1.46904e-05 810.101 98.9016
1.32925e-05 851.635 101.526
1.20275e-05 895.3 104.208
1.08829e-05 941.203 106.944
9.8473e-06 989.459 109.734
8.9102e-06 1040.19 112.577
8.06228e-06 1093.52 115.477
7.29506e-06 1149.59 118.427
6.60084e-06 1208.53 121.434
5.97269e-06 1270.49 124.503
5.40431e-06 1335.63 127.617
4.89002e-06 1404.11 130.798
4.42467e-06 1476.1 134.026
4.00361e-06 1551.78 137.318
3.62262e-06 1631.34 140.665
3.27788e-06 1714.98 144.064
2.96595e-06 1802.91 147.526
2.6837e-06 1895.35 151.039
2.42831e-06 1992.53 154.612
2.19723e-06 2094.68 158.244
1.98813e-06 2202.08 161.934
1.79894e-06 2314.98 165.677
1.62775e-06 2433.68 169.481
1.47285e-06 2558.45 173.34
1.33269e-06 2689.63 177.256
1.20586e-06 2827.53 181.226
1.09111e-06 2972.5 185.263
9.87278e-07 3124.9 189.345
8.93326e-07 3285.12 193.494
8.08315e-07 3453.55 197.689
7.31394e-07 3630.62 201.949
6.61793e-07 3816.76 206.26
5.98815e-07 4012.45 210.63
5.4183e-07 4218.18 215.052
4.90268e-07 4434.45 219.527
4.43613e-07 4661.81 224.066
4.01397e-07 4900.82 228.653
