295585, 0.079246; 0.00124729; 0.997568
295586, 0.238301; 0.00111317; 0.999266
295587, 0.10942; 0.000975906; 0.999463
295588, 0.135525; 0.000890853; 0.999545
295589, 0.281539; 0.000749398; 1.00016
295612, 0.448487; 0.00103413; 0.999943
295615, 0.056513; 0.000845836; 1.00135
295665, 0.33411; 0.00110996; 0.998754
295666, 0.323104; 0.000931493; 1.0021
295667, 0.0967005; 0.000527111; 0.998928
295668, 0.12972; 0.000416196; 0.997838
295671, 0.322986; 0.000850362; 1.00209
295673, 0.309614; 0.000754952; 0.99772
295675, 0.130933; 0.000703563; 0.999729
295676, 0.318185; 0.000653167; 1.00055
295677, 0.265356; 0.000589919; 1.00079
295714, 0.342801; 0.00140205; 1.00165
295716, 0.337488; 0.00127331; 0.997632
295717, 0.286325; 0.00117132; 0.999359
295718, 0.254962; 0.00107416; 0.999792
295719, 0.292224; 0.000972399; 0.999256
295723, 0.505032; 0.000788709; 1.00185
295725, 0.842873; 0.000624573; 1.00104
295753, 0.383781; 0.00138191; 0.998185
295754, 1.12026; 0.00138288; 0.99945
295755, 1.01314; 0.00133981; 0.998978
295758, 1.61536; 0.000991233; 1.00056
295759, 0.531142; 0.000792003; 0.997645
295762, 0.273865; 0.000676055; 1.00018
295763, 1.02006; 0.000620764; 1.00002
295786, 0.744934; 0.00138461; 0.999509
295788, 3.05656; 0.001217; 1.0001
295791, 0.854061; 0.000841016; 1.00043
295816, 1.20063; 0.00113583; 0.999295
295818, 0.144591; 0.00112911; 0.996109
295819, 2.73137; 0.00112733; 0.99969
295822, 2.20493; 0.000996547; 0.999663
295825, 0.254804; 0.000886462; 0.998881
295826, 1.4746; 0.000806607; 1.00022
295829, 0.930838; 0.000711983; 1.00065
295831, 0.776369; 0.000648234; 1.00187
295854, 1.72868; 0.00103973; 1.00028
295855, 1.73872; 0.00103176; 1.00129
295856, 1.73171; 0.00103011; 1.00075
295859, 1.04724; 0.000990174; 0.999963
295860, 0.83124; 0.000910016; 0.99958
295861, 1.06367; 0.000799194; 1.00023
295863, 0.727703; 0.000719121; 1.00032
295881, 0.710035; 0.000612125; 1.00028
295908, 2.91963; 0.0010408; 0.999105
295909, 0.784779; 0.00104511; 0.998973
295910, 3.18427; 0.00104387; 1.00025
295913, 3.11896; 0.00103167; 0.999213
295936, 1.46308; 0.00183007; 0.999718
295937, 0.40298; 0.00175799; 1.00177
295941, 1.66473; 0.00163845; 1.00037
295942, 1.9099; 0.00152843; 0.999885
295943, 1.66594; 0.00140838; 0.99846
295945, 2.02686; 0.00126294; 0.998616
295947, 2.6778; 0.00111509; 0.99816
296061, 1.28995; 0.00194733; 1.00179
296062, 1.79659; 0.00193975; 0.99971
296063, 2.6825; 0.00180975; 1.00013
296065, 2.43499; 0.00163738; 1
296066, 0.729509; 0.00153575; 0.999642
296068, 1.97277; 0.001425; 1.00089
296123, 0.50428; 0.00106358; 1.00026
296128, 0.445092; 0.00106284; 1.00068
296132, 2.09955; 0.00106225; 1.00082
296133, 1.72492; 0.00105853; 0.999741
296134, 3.89479; 0.00104497; 0.999741
296135, 2.3312; 0.00083915; 1.00031
296142, 1.7811; 0.000630493; 0.999229
296143, 0.531389; 0.000552866; 1.00054
296191, 5.0323; 0.00104676; 1.00017
296192, 0.495452; 0.00104119; 0.999957
296194, 2.83386; 0.0010561; 1.00051
296195, 0.735007; 0.000993956; 0.999858
296196, 2.41332; 0.000850166; 0.999978
296197, 2.06462; 0.000675438; 1.00024
296198, 0.81056; 0.000566047; 0.999079
296241, 0.844216; 0.0010276; 0.99977
296242, 0.949921; 0.00107596; 1.00102
296243, 1.56471; 0.00107031; 1.00047
296244, 8.35804; 0.00103334; 0.999574
296246, 1.82637; 0.000767912; 1.00102
296247, 1.17385; 0.000651704; 0.999966
296269, 3.83364; 0.00108306; 1.00005
296270, 1.5096; 0.00107846; 0.999972
296273, 7.23034; 0.0010344; 1.00017
296279, 0.405; 0.000716663; 0.997808
296280, 1.60854; 0.000638089; 1.00007
296303, 2.01285; 0.00108571; 0.998754
296304, 6.11123; 0.00107482; 0.999727
296307, 2.92975; 0.00097747; 0.999653
296309, 2.09957; 0.000762535; 0.999522
296312, 2.12387; 0.000590763; 0.999758
296377, 6.07492; 0.00107917; 0.999892
296378, 5.34229; 0.00102043; 1.00011
296379, 2.09505; 0.000765218; 1.00032
296380, 2.88609; 0.000596695; 0.999341
296381, 1.43921; 0.000471871; 0.999725
296383, 1.51034; 0.000329048; 0.999516
296414, 4.86828; 0.00108145; 1.00018
296419, 2.74522; 0.000942206; 0.999489
296420, 1.40757; 0.00077849; 1.00001
296423, 1.57612; 0.000646719; 1.00087
296424, 0.385507; 0.000565858; 0.999882
296433, 4.45788; 0.000454063; 1.00028
296472, 0.861496; 0.000485879; 0.999244
296509, 2.99368; 0.00108661; 0.999571
296510, 9.06371; 0.00107815; 1.00062
296511, 2.56717; 0.00108226; 1.00023
296514, 0.489084; 0.00107936; 0.998576
296516, 0.612385; 0.00105167; 0.99847
296547, 1.08098; 0.00108483; 0.999716
296548, 1.37402; 0.00108018; 1.00011
296549, 4.85233; 0.00107796; 1.0001
296550, 3.95518; 0.000993401; 0.999749
296551, 2.01782; 0.000755773; 0.999839
296552, 0.48238; 0.000661504; 1.00122
296553, 0.705884; 0.000605769; 1.00112
296615, 1.56512; 0.00146888; 1.00169
296616, 0.538278; 0.00146097; 0.999733
296618, 2.27745; 0.00146286; 0.999563
296619, 1.55496; 0.00146372; 1.00051
296622, 0.702362; 0.00120066; 1.00005
296623, 2.15693; 0.000997415; 0.999956
