296690, 6.55479; 0.00146729; 1.00022
296691, 0.651011; 0.00146722; 1.00113
296694, 5.01923; 0.00145673; 0.999912
296749, 9.27214; 0.00106302; 1
296750, 8.21311; 0.00106278; 1.00035
296781, 0.817221; 0.000954126; 0.999189
296784, 3.00028; 0.000955676; 0.999851
296785, 1.90763; 0.000954761; 0.999643
296786, 0.753376; 0.000952043; 1.00062
296787, 3.24744; 0.000954039; 1.00002
296791, 0.757909; 0.00095665; 0.99996
296793, 1.39431; 0.000955959; 1.00085
296794, 3.13555; 0.000954173; 1.00044
296799, 2.77369; 0.000931454; 0.999615
296836, 1.51066; 0.000955646; 0.999438
296838, 0.542747; 0.000953315; 0.999913
296839, 2.95299; 0.000952954; 0.99985
296848, 2.19064; 0.000956678; 1.00002
296849, 11.8232; 0.00095258; 1.00021
296850, 2.83512; 0.000858242; 1.00028
296851, 0.889359; 0.000741357; 0.999117
296852, 0.947244; 0.000681027; 0.999894
296890, 6.95781; 0.000947252; 1.00021
296894, 4.46871; 0.000950624; 0.999714
296899, 2.11558; 0.000950696; 0.998865
296900, 2.78125; 0.000947675; 0.999386
296903, 1.03832; 0.000885466; 1.0002
296930, 1.42287; 0.000954854; 0.999413
296931, 0.528829; 0.000951531; 0.99893
296932, 1.19906; 0.000952613; 1.0002
296934, 2.62915; 0.000953289; 1.00065
296935, 4.49227; 0.000953996; 0.999529
296938, 1.65039; 0.000953466; 1.00059
296941, 2.93081; 0.000942095; 0.999704
296966, 3.37345; 0.000957372; 0.999921
296967, 0.805266; 0.00095717; 0.999636
296968, 3.18556; 0.00117121; 0.999242
296969, 1.88931; 0.00116996; 0.999955
296971, 0.690036; 0.00116988; 0.999699
296975, 7.47741; 0.00116418; 0.999319
296976, 1.11813; 0.00102445; 0.999561
296979, 1.10043; 0.000670698; 1.00072
297029, 7.20121; 0.00095215; 0.999911
297031, 5.94409; 0.000951061; 1.0005
297035, 1.30575; 0.000948939; 1.00021
297085, 0.977427; 0.000959088; 1.00171
297117, 2.348; 0.000954913; 1.00039
297118, 2.44174; 0.000954209; 0.999975
297119, 2.68636; 0.000954243; 0.999812
297123, 3.37066; 0.000953059; 1.00047
297124, 0.639239; 0.000951614; 0.999545
297128, 2.40998; 0.000952735; 0.999783
297129, 2.82876; 0.000952087; 1.00053
297132, 2.81661; 0.000882472; 1.0008
297133, 1.16915; 0.000762419; 0.999795
297193, 7.63878; 0.000953968; 1.00003
297194, 9.8646; 0.000953288; 1.00011
297196, 2.12451; 0.000937449; 1.00082
297218, 6.39079; 0.000950628; 0.999994
297219, 9.29775; 0.000943047; 0.999795
297221, 2.83093; 0.000951616; 1.00007
297222, 1.69281; 0.000922699; 0.999666
297278, 0.60108; 0.000952349; 0.999319
297310, 0.670026; 0.00108617; 0.999349
297312, 2.40277; 0.00108117; 1.00106
297315, 7.93486; 0.00107809; 1.00064
297317, 4.3152; 0.00107722; 0.999661
297363, 1.89572; 0.000954139; 1.00008
297366, 2.05308; 0.000950578; 1.00056
297367, 3.11141; 0.000950813; 1.00038
297372, 3.22239; 0.000949519; 1.00052
297379, 6.92629; 0.000948353; 1.00056
297380, 1.46027; 0.000854723; 0.999074
297405, 0.5187; 0.000951299; 1.00119
297408, 4.0629; 0.00111795; 1.00033
297413, 2.99016; 0.000952682; 0.999502
297414, 2.21301; 0.000951682; 1.00079
297415, 6.76252; 0.000932021; 0.999915
297441, 4.92733; 0.000954079; 0.999762
297442, 1.9874; 0.000949296; 0.999918
297446, 8.13221; 0.000951375; 0.99997
297450, 1.95166; 0.000950008; 0.999701
297451, 1.33253; 0.00090804; 0.999061
297452, 1.15075; 0.000831399; 0.999511
297479, 7.71667; 0.000953143; 0.999905
297481, 9.55075; 0.000952124; 1.00004
297483, 1.99445; 0.000945071; 1.00039
297512, 1.58341; 0.000953445; 0.999918
297537, 1.80595; 0.000956165; 0.999725
297540, 0.62807; 0.000950051; 0.999812
297541, 3.96653; 0.000952073; 0.999277
297542, 1.5512; 0.000952846; 0.999131
297544, 7.29001; 0.000951523; 0.999744
297558, 0.47888; 0.000809189; 0.999566
297588, 5.26533; 0.00095556; 1.00023
297590, 3.14715; 0.000952943; 1.00032
297595, 1.65965; 0.000949528; 0.999311
